[fstat-params]
start_freq = 160.0
freq_band = 0.1
df = 0.00000347222222222222
ifo1 = 1
ifo2 = 2
a_search = -a 0.0 -z 6.28318530717958647688 -l 0.02 --gridType 1
d_search = -d -1.57079632679489661922 -c 3.14159265358979323844 -g 0.02
data1 = /home/siemens/lscsoft/lalapps/src/pulsar/FDS_isolated/L1-10hrData/
data2 = /home/siemens/lscsoft/lalapps/src/pulsar/FDS_isolated/H1-10hrData/
Fth = 20.0

[polka-params]
freq_window = 0.001
alpha_window = 0.02
delta_window = 0.02
coincidence_band = 1.0

[chisq-params]
Fth_chisq=50.0
chisq_points=50
ts1=TSL1
ts2=TSH1
sifo1=LLO
sifo2=LHO

[mc-params]
Ninj=1000
h0=8e-4
dh0=2e-4
c0=0.95
tol=0.03
gps_start1 = 732490940
gps_start2 = 733200050
